94785 20250101 0505 20250101 0005  2.623  -71.11   42.21     5.1     0.0      0 0     5.6 C 0    84 0 -99.000 -9999.0  1821 0   3.05 0
94785 20250101 0510 20250101 0010  2.623  -71.11   42.21     5.5     0.0      0 0     5.9 C 0    80 0 -99.000 -9999.0  1821 0   3.06 0
94785 20250101 0515 20250101 0015  2.623  -71.11   42.21     5.6     0.0      0 0     6.1 C 0    80 0 -99.000 -9999.0  1821 0   3.24 0
94785 20250101 0520 20250101 0020  2.623  -71.11   42.21     5.4     0.0      0 0     5.9 C 0    82 0 -99.000 -9999.0  1820 0   3.47 0
94785 20250101 0525 20250101 0025  2.623  -71.11   42.21     5.4     0.0      0 0     5.9 C 0    85 0 -99.000 -9999.0  1820 0   3.38 0
94785 20250101 0530 20250101 0030  2.623  -71.11   42.21     5.2     0.0      0 0     6.1 C 0    86 0 -99.000 -9999.0  1820 0   3.33 0
94785 20250101 0535 20250101 0035  2.623  -71.11   42.21     5.2     0.0      0 0     6.1 C 0    87 0 -99.000 -9999.0  1820 0   2.77 0
94785 20250101 0540 20250101 0040  2.623  -71.11   42.21     5.3     0.0      0 0     6.1 C 0    87 0 -99.000 -9999.0  1820 0   3.31 0
94785 20250101 0545 20250101 0045  2.623  -71.11   42.21     5.4     0.0      0 0     6.3 C 0    87 0 -99.000 -9999.0  1820 0   3.07 0
94785 20250101 0550 20250101 0050  2.623  -71.11   42.21     5.5     0.0      0 0     6.3 C 0    86 0 -99.000 -9999.0  1820 0   3.51 0
94785 20250101 0555 20250101 0055  2.623  -71.11   42.21     5.6     0.0      0 0     6.4 C 0    86 0 -99.000 -9999.0    35 0   3.60 0
94785 20250101 0600 20250101 0100  2.623  -71.11   42.21     5.7     0.0      0 0     6.3 C 0    86 0 -99.000 -9999.0    35 0   3.03 0
