94785 20250607 1905 20250607 1405  2.623  -71.11   42.21    18.7     0.3      1 0    19.9 C 0    99 0 -99.000 -9999.0    39 0   0.79 0
94785 20250607 1910 20250607 1410  2.623  -71.11   42.21    18.6     0.3      0 0    19.7 C 0    99 0 -99.000 -9999.0    39 0   0.78 0
94785 20250607 1915 20250607 1415  2.623  -71.11   42.21    18.7     0.3      0 0    19.8 C 0    99 0 -99.000 -9999.0    39 0   0.88 0
94785 20250607 1920 20250607 1420  2.623  -71.11   42.21    18.7     0.5      0 0    19.6 C 0    99 0 -99.000 -9999.0    39 0   1.33 0
94785 20250607 1925 20250607 1425  2.623  -71.11   42.21    18.7     1.5      0 0    19.6 C 0    99 0 -99.000 -9999.0    39 0   0.61 0
94785 20250607 1930 20250607 1430  2.623  -71.11   42.21    18.7     2.6      7 0    19.6 C 0    99 0 -99.000 -9999.0    39 0   0.95 0
94785 20250607 1935 20250607 1435  2.623  -71.11   42.21    18.7     1.4     24 0    19.6 C 0    99 0 -99.000 -9999.0    39 0   1.14 0
94785 20250607 1940 20250607 1440  2.623  -71.11   42.21    18.7     0.6     36 0    19.8 C 0    99 0 -99.000 -9999.0    39 0   0.96 0
94785 20250607 1945 20250607 1445  2.623  -71.11   42.21    18.7     0.8     40 0    19.8 C 0    99 0 -99.000 -9999.0    39 0   1.08 0
94785 20250607 1950 20250607 1450  2.623  -71.11   42.21    18.7     0.5     34 0    19.8 C 0    99 0 -99.000 -9999.0    38 0   1.10 0
94785 20250607 1955 20250607 1455  2.623  -71.11   42.21    18.7     0.2     15 0    19.9 C 0    99 0 -99.000 -9999.0    39 0   0.86 0
94785 20250607 2000 20250607 1500  2.623  -71.11   42.21    18.7     0.2      0 0    19.7 C 0    99 0 -99.000 -9999.0    39 0   0.77 0
